1 5
1 8
1 14
1 15
1 35
1 43
1 45
1 53
1 64
1 68
1 99
1 110
2 4
2 10
2 11
2 12
2 15
2 16
2 36
2 46
2 47
2 66
2 74
2 109
2 149
3 18
3 25
3 30
3 31
3 33
3 39
3 52
3 55
3 56
3 94
3 104
4 2
4 7
4 10
4 11
4 12
4 41
4 49
4 50
4 66
4 67
4 74
4 85
4 98
4 106
5 1
5 19
5 22
5 25
5 32
5 38
5 50
5 54
5 55
5 59
5 61
5 71
5 105
6 8
6 14
6 15
6 17
6 21
6 26
6 35
6 45
6 56
6 57
6 64
6 75
6 96
7 4
7 10
7 11
7 13
7 16
7 36
7 47
7 49
7 67
7 74
7 133
7 152
8 1
8 6
8 14
8 26
8 32
8 43
8 45
8 52
8 57
8 64
8 76
8 106
8 119
9 13
9 14
9 19
9 27
9 41
9 44
9 63
9 65
9 71
9 77
9 97
9 153
10 2
10 4
10 7
10 16
10 20
10 36
10 45
10 49
10 67
10 74
10 93
10 133
10 149
11 2
11 4
11 7
11 12
11 16
11 27
11 29
11 36
11 49
11 58
11 66
11 67
11 103
11 122
12 2
12 4
12 11
12 16
12 35
12 36
12 49
12 66
12 67
12 96
12 133
12 153
13 7
13 9
13 19
13 27
13 38
13 41
13 63
13 65
13 70
13 71
13 78
13 101
14 1
14 6
14 8
14 9
14 17
14 26
14 35
14 45
14 53
14 57
14 91
14 109
15 1
15 2
15 6
15 26
15 31
15 32
15 35
15 43
15 47
15 53
15 57
15 64
15 83
16 2
16 7
16 10
16 11
16 12
16 24
16 36
16 43
16 66
16 72
16 74
16 132
17 6
17 14
17 20
17 23
17 28
17 29
17 34
17 47
17 51
17 73
17 102
17 153
18 3
18 19
18 30
18 31
18 33
18 39
18 50
18 52
18 60
18 79
18 94
18 104
19 5
19 9
19 13
19 18
19 20
19 25
19 51
19 59
19 60
19 63
19 65
19 73
20 10
20 17
20 19
20 24
20 28
20 29
20 34
20 42
20 51
20 73
20 79
20 91
21 6
21 37
21 40
21 42
21 66
21 69
21 80
21 84
21 90
21 92
21 102
21 113
21 132
22 5
22 25
22 27
22 32
22 37
22 38
22 50
22 54
22 55
22 59
22 61
22 93
22 114
23 17
23 24
23 28
23 34
23 42
23 47
23 51
23 68
23 84
23 92
23 119
24 16
24 20
24 23
24 29
24 42
24 47
24 49
24 51
24 68
24 73
24 100
24 109
25 3
25 5
25 19
25 22
25 32
25 38
25 39
25 50
25 54
25 55
25 59
25 61
26 6
26 8
26 14
26 15
26 34
26 35
26 45
26 48
26 57
26 64
26 76
26 82
27 9
27 11
27 13
27 22
27 41
27 63
27 65
27 70
27 71
27 78
27 89
27 108
28 17
28 20
28 23
28 29
28 34
28 42
28 49
28 68
28 73
28 92
28 132
29 11
29 17
29 20
29 24
29 28
29 34
29 47
29 51
29 53
29 73
29 87
29 92
30 3
30 18
30 31
30 33
30 39
30 48
30 52
30 55
30 72
30 94
30 104
30 110
31 3
31 15
31 18
31 30
31 33
31 39
31 46
31 50
31 52
31 94
31 104
32 5
32 8
32 15
32 22
32 25
32 38
32 50
32 54
32 55
32 59
32 61
32 62
32 94
33 3
33 18
33 30
33 31
33 34
33 39
33 52
33 75
33 87
33 94
33 104
33 114
34 17
34 20
34 23
34 26
34 28
34 29
34 33
34 40
34 42
34 68
34 73
34 113
34 122
35 1
35 6
35 12
35 14
35 15
35 26
35 36
35 43
35 53
35 64
35 71
35 90
36 2
36 7
36 10
36 11
36 12
36 16
36 35
36 66
36 74
36 81
36 103
37 21
37 22
37 40
37 44
37 69
37 71
37 80
37 83
37 84
37 113
37 132
38 5
38 13
38 22
38 25
38 32
38 46
38 50
38 54
38 55
38 59
38 61
38 91
38 132
39 3
39 18
39 25
39 30
39 31
39 33
39 52
39 54
39 60
39 75
39 84
39 94
39 104
40 21
40 34
40 37
40 60
40 63
40 69
40 80
40 84
40 101
40 113
40 132
41 4
41 9
41 13
41 27
41 44
41 61
41 63
41 70
41 71
41 77
41 95
41 104
42 20
42 21
42 23
42 24
42 28
42 34
42 47
42 51
42 54
42 68
42 80
42 153
43 1
43 8
43 15
43 16
43 35
43 45
43 53
43 57
43 62
43 64
43 91
44 9
44 37
44 41
44 63
44 64
44 65
44 70
44 71
44 77
44 78
44 90
44 95
45 1
45 6
45 8
45 10
45 14
45 26
45 43
45 53
45 57
45 77
45 133
46 2
46 31
46 38
46 48
46 52
46 56
46 58
46 76
46 82
46 92
46 102
46 120
47 2
47 7
47 15
47 17
47 23
47 24
47 29
47 42
47 51
47 67
47 68
47 73
47 120
48 26
48 30
48 46
48 56
48 58
48 72
48 76
48 82
48 85
48 92
48 119
49 4
49 7
49 10
49 11
49 12
49 24
49 28
49 66
49 67
49 74
49 98
50 4
50 5
50 18
50 22
50 25
50 31
50 32
50 38
50 54
50 55
50 59
50 61
50 103
51 17
51 19
51 20
51 23
51 24
51 29
51 42
51 47
51 63
51 68
51 79
51 88
52 3
52 8
52 18
52 30
52 31
52 33
52 39
52 46
52 57
52 59
52 82
52 94
52 104
53 1
53 14
53 15
53 29
53 35
53 43
53 45
53 57
53 64
53 86
53 100
53 153
54 5
54 22
54 25
54 32
54 38
54 39
54 42
54 50
54 55
54 59
54 61
54 69
55 3
55 5
55 22
55 25
55 30
55 32
55 38
55 50
55 54
55 59
55 61
56 3
56 6
56 46
56 48
56 58
56 76
56 79
56 82
56 88
56 102
56 109
56 119
56 120
57 6
57 8
57 14
57 15
57 26
57 43
57 45
57 52
57 53
57 76
58 11
58 46
58 48
58 56
58 66
58 76
58 79
58 81
58 82
58 92
58 120
59 5
59 19
59 22
59 25
59 32
59 38
59 50
59 52
59 54
59 55
59 61
59 62
60 18
60 19
60 39
60 40
60 68
60 73
60 79
60 80
60 95
60 96
60 97
60 99
61 5
61 22
61 25
61 32
61 38
61 41
61 50
61 54
61 55
61 59
61 94
61 105
62 32
62 43
62 59
62 72
62 75
62 91
62 93
62 103
62 105
62 110
62 114
63 9
63 13
63 19
63 27
63 40
63 41
63 44
63 51
63 65
63 77
63 78
63 88
63 120
64 1
64 6
64 8
64 15
64 26
64 35
64 43
64 44
64 53
64 86
64 89
65 9
65 13
65 19
65 27
65 44
65 63
65 70
65 77
65 78
65 86
65 100
66 2
66 4
66 11
66 12
66 16
66 21
66 36
66 49
66 58
66 67
66 119
66 120
67 4
67 7
67 10
67 11
67 12
67 47
67 49
67 66
67 74
67 84
67 89
68 1
68 23
68 24
68 28
68 34
68 42
68 47
68 51
68 60
68 73
68 74
68 79
68 113
69 21
69 37
69 40
69 54
69 80
69 83
69 84
69 85
69 94
69 102
69 113
69 132
70 13
70 27
70 41
70 44
70 65
70 71
70 77
70 78
70 83
70 88
71 5
71 9
71 13
71 27
71 35
71 37
71 41
71 44
71 70
71 77
71 78
71 99
72 16
72 30
72 48
72 62
72 75
72 91
72 93
72 103
72 105
72 110
72 114
73 17
73 19
73 20
73 24
73 28
73 29
73 34
73 47
73 60
73 68
73 78
73 113
74 2
74 4
74 7
74 10
74 16
74 36
74 49
74 67
74 68
74 83
74 101
75 6
75 33
75 39
75 62
75 72
75 91
75 93
75 103
75 104
75 105
75 110
75 114
76 8
76 26
76 46
76 48
76 56
76 57
76 58
76 81
76 82
76 85
76 102
77 9
77 41
77 44
77 45
77 63
77 65
77 70
77 71
77 78
77 90
77 99
77 108
78 13
78 27
78 44
78 63
78 65
78 70
78 71
78 73
78 77
78 101
78 110
79 18
79 20
79 51
79 56
79 58
79 60
79 68
79 80
79 97
79 100
79 108
80 21
80 37
80 40
80 42
80 60
80 69
80 79
80 84
80 99
80 113
80 132
81 36
81 58
81 76
81 82
81 85
81 92
81 102
81 106
81 119
81 120
81 122
82 26
82 46
82 48
82 52
82 56
82 58
82 76
82 81
82 85
82 96
82 106
82 119
83 15
83 37
83 69
83 70
83 74
83 87
83 88
83 89
83 97
83 99
83 100
83 108
84 21
84 23
84 37
84 39
84 40
84 67
84 69
84 80
84 113
84 122
84 132
85 4
85 48
85 69
85 76
85 81
85 82
85 92
85 102
85 106
85 114
85 119
85 120
86 53
86 64
86 65
86 87
86 88
86 90
86 95
86 99
86 100
86 101
87 29
87 33
87 83
87 86
87 88
87 89
87 97
87 98
87 101
87 108
88 51
88 56
88 63
88 70
88 83
88 86
88 87
88 89
88 97
88 101
88 108
88 152
89 27
89 64
89 67
89 83
89 87
89 88
89 95
89 97
89 100
89 108
90 21
90 35
90 44
90 77
90 86
90 95
90 97
90 99
90 100
90 101
90 108
91 14
91 20
91 38
91 43
91 62
91 72
91 75
91 93
91 103
91 105
91 110
91 114
92 21
92 23
92 28
92 29
92 46
92 48
92 58
92 81
92 85
92 102
92 114
92 119
92 120
93 10
93 22
93 62
93 72
93 75
93 91
93 103
93 104
93 105
93 110
93 114
94 3
94 18
94 30
94 31
94 32
94 33
94 39
94 52
94 61
94 69
94 104
95 41
95 44
95 60
95 86
95 89
95 90
95 97
95 99
95 100
95 101
95 105
96 6
96 12
96 60
96 82
96 98
96 106
96 109
96 122
96 133
96 152
96 153
97 9
97 60
97 79
97 83
97 87
97 88
97 89
97 90
97 95
97 108
97 113
98 4
98 49
98 87
98 96
98 106
98 109
98 119
98 122
98 133
98 153
99 1
99 60
99 71
99 77
99 80
99 83
99 86
99 90
99 95
99 100
99 101
99 152
100 24
100 53
100 65
100 79
100 83
100 86
100 89
100 90
100 95
100 99
100 101
100 108
101 13
101 40
101 74
101 78
101 86
101 87
101 88
101 90
101 95
101 99
101 100
102 17
102 21
102 46
102 56
102 69
102 76
102 81
102 85
102 92
102 119
102 120
103 11
103 36
103 50
103 62
103 72
103 75
103 91
103 93
103 105
103 110
103 114
104 3
104 18
104 30
104 31
104 33
104 39
104 41
104 52
104 75
104 93
104 94
104 110
105 5
105 61
105 62
105 72
105 75
105 91
105 93
105 95
105 103
105 110
105 114
106 4
106 8
106 81
106 82
106 85
106 96
106 98
106 109
106 122
106 133
106 153
108 27
108 77
108 79
108 83
108 87
108 88
108 89
108 90
108 97
108 100
108 113
109 2
109 14
109 24
109 56
109 96
109 98
109 106
109 122
109 133
109 153
110 1
110 30
110 62
110 72
110 75
110 78
110 91
110 93
110 103
110 104
110 105
110 114
113 21
113 34
113 37
113 40
113 68
113 69
113 73
113 80
113 84
113 97
113 108
113 132
114 22
114 33
114 62
114 72
114 75
114 85
114 91
114 92
114 93
114 103
114 105
114 110
119 8
119 23
119 48
119 56
119 66
119 81
119 82
119 85
119 92
119 98
119 102
119 120
119 132
120 46
120 47
120 56
120 58
120 63
120 66
120 81
120 85
120 92
120 102
120 119
122 11
122 34
122 81
122 84
122 96
122 98
122 106
122 109
122 133
122 152
122 153
132 16
132 21
132 28
132 37
132 38
132 40
132 69
132 80
132 84
132 113
132 119
133 7
133 10
133 12
133 45
133 96
133 98
133 106
133 109
133 122
133 152
133 153
149 2
149 10
152 7
152 88
152 96
152 99
152 122
152 133
153 9
153 12
153 17
153 42
153 53
153 96
153 98
153 106
153 109
153 122
153 133
