1 6
1 13
1 15
1 26
1 35
1 40
1 43
1 53
1 57
1 64
1 68
2 4
2 7
2 11
2 12
2 16
2 26
2 36
2 49
2 66
2 75
2 85
2 122
3 18
3 19
3 30
3 31
3 33
3 39
3 50
3 51
3 52
3 94
3 104
4 2
4 7
4 10
4 11
4 19
4 36
4 49
4 67
4 74
4 81
4 120
5 8
5 12
5 19
5 22
5 25
5 32
5 38
5 50
5 55
5 59
5 61
5 91
5 93
6 1
6 8
6 14
6 25
6 26
6 38
6 43
6 45
6 52
6 53
6 56
6 57
7 2
7 4
7 10
7 11
7 33
7 44
7 47
7 49
7 66
7 67
7 74
7 103
8 5
8 6
8 14
8 15
8 26
8 27
8 35
8 45
8 53
8 57
8 76
8 98
9 13
9 27
9 41
9 47
9 63
9 65
9 69
9 70
9 71
9 78
9 100
9 132
10 4
10 7
10 11
10 12
10 16
10 20
10 21
10 49
10 66
10 67
10 74
10 109
10 114
11 2
11 4
11 7
11 10
11 12
11 16
11 17
11 32
11 36
11 66
11 74
11 96
12 2
12 5
12 10
12 11
12 16
12 36
12 49
12 66
12 74
12 109
13 1
13 9
13 19
13 27
13 41
13 44
13 63
13 70
13 77
13 78
13 95
13 101
14 6
14 8
14 15
14 24
14 26
14 43
14 45
14 57
14 64
14 82
15 1
15 8
15 14
15 17
15 24
15 31
15 35
15 43
15 45
15 53
15 64
15 72
16 2
16 10
16 11
16 12
16 20
16 36
16 41
16 49
16 66
16 67
16 99
16 152
17 11
17 15
17 20
17 24
17 28
17 29
17 34
17 47
17 68
17 73
17 97
17 132
18 3
18 22
18 30
18 31
18 33
18 39
18 52
18 60
18 79
18 94
18 104
19 3
19 4
19 5
19 13
19 22
19 27
19 37
19 40
19 59
19 60
19 63
19 65
20 10
20 16
20 17
20 23
20 24
20 28
20 29
20 34
20 39
20 68
20 73
20 113
21 10
21 29
21 37
21 40
21 42
21 69
21 80
21 84
21 92
21 113
21 132
22 5
22 18
22 19
22 25
22 32
22 38
22 50
22 54
22 55
22 61
22 105
23 20
23 24
23 28
23 29
23 42
23 47
23 51
23 68
23 85
23 122
23 132
24 14
24 15
24 17
24 20
24 23
24 42
24 47
24 49
24 51
24 68
24 73
24 97
25 5
25 6
25 22
25 32
25 50
25 54
25 55
25 59
25 61
25 76
25 78
25 94
26 1
26 2
26 6
26 8
26 14
26 43
26 45
26 53
26 57
26 153
27 8
27 9
27 13
27 19
27 44
27 63
27 70
27 71
27 77
27 78
27 83
27 94
28 17
28 20
28 23
28 29
28 34
28 39
28 41
28 42
28 51
28 73
28 84
29 17
29 20
29 21
29 23
29 28
29 34
29 42
29 47
29 51
29 73
29 84
29 87
29 102
30 3
30 18
30 31
30 33
30 35
30 39
30 48
30 52
30 72
30 94
30 104
31 3
31 15
31 18
31 30
31 33
31 39
31 52
31 60
31 70
31 94
31 104
31 110
32 5
32 11
32 22
32 25
32 38
32 54
32 55
32 59
32 61
32 78
32 80
32 97
33 3
33 7
33 18
33 30
33 31
33 36
33 39
33 52
33 94
33 104
33 109
34 17
34 20
34 28
34 29
34 37
34 42
34 47
34 51
34 70
34 73
34 90
34 97
35 1
35 8
35 15
35 30
35 43
35 45
35 49
35 53
35 57
35 64
35 106
35 133
36 2
36 4
36 11
36 12
36 16
36 33
36 66
36 67
36 74
36 81
37 19
37 21
37 34
37 40
37 47
37 69
37 80
37 84
37 113
37 132
38 5
38 6
38 22
38 32
38 46
38 50
38 54
38 55
38 59
38 61
38 91
39 3
39 18
39 20
39 28
39 30
39 31
39 33
39 52
39 55
39 75
39 94
39 104
40 1
40 19
40 21
40 37
40 69
40 80
40 84
40 87
40 113
40 132
41 9
41 13
41 16
41 28
41 44
41 65
41 70
41 71
41 77
41 78
41 88
41 93
41 97
42 21
42 23
42 24
42 28
42 29
42 34
42 47
42 51
42 60
42 68
42 97
43 1
43 6
43 14
43 15
43 26
43 35
43 53
43 64
43 96
43 102
43 153
44 7
44 13
44 27
44 41
44 64
44 65
44 70
44 71
44 77
44 78
44 99
45 6
45 8
45 14
45 15
45 26
45 35
45 57
45 64
45 106
46 38
46 48
46 53
46 56
46 58
46 66
46 76
46 81
46 82
46 85
46 119
47 7
47 9
47 17
47 23
47 24
47 29
47 34
47 37
47 42
47 51
47 68
47 73
48 30
48 46
48 56
48 58
48 72
48 76
48 81
48 82
48 86
48 102
48 120
49 2
49 4
49 7
49 10
49 12
49 16
49 24
49 35
49 67
49 74
49 119
49 133
50 3
50 5
50 22
50 25
50 38
50 54
50 55
50 59
50 61
50 71
50 72
51 3
51 23
51 24
51 28
51 29
51 34
51 42
51 47
51 68
51 79
51 99
51 114
52 3
52 6
52 18
52 30
52 31
52 33
52 39
52 64
52 79
52 82
52 94
52 104
53 1
53 6
53 8
53 15
53 26
53 35
53 43
53 46
53 64
53 103
54 22
54 25
54 32
54 38
54 50
54 55
54 59
54 61
54 84
54 114
55 5
55 22
55 25
55 32
55 38
55 39
55 50
55 54
55 59
55 65
56 6
56 46
56 48
56 58
56 70
56 76
56 81
56 82
56 85
56 91
56 92
56 96
56 119
57 1
57 6
57 8
57 14
57 26
57 35
57 45
57 64
57 79
57 82
58 46
58 48
58 56
58 60
58 66
58 76
58 82
58 85
58 102
58 119
59 5
59 19
59 25
59 32
59 38
59 50
59 54
59 55
59 60
59 61
60 18
60 19
60 31
60 42
60 58
60 59
60 73
60 76
60 79
60 80
60 89
60 97
61 5
61 22
61 25
61 32
61 38
61 50
61 54
61 59
61 105
61 110
62 71
62 72
62 75
62 91
62 93
62 94
62 103
62 105
62 110
62 114
63 9
63 13
63 19
63 27
63 65
63 70
63 71
63 77
63 78
63 89
63 93
64 1
64 14
64 15
64 35
64 43
64 44
64 45
64 52
64 53
64 57
64 79
65 9
65 19
65 41
65 44
65 55
65 63
65 70
65 71
65 77
65 78
65 108
66 2
66 7
66 10
66 11
66 12
66 16
66 36
66 46
66 58
66 67
67 4
67 7
67 10
67 16
67 36
67 49
67 66
67 74
67 77
67 84
68 1
68 17
68 20
68 23
68 24
68 42
68 47
68 51
68 73
68 74
68 92
69 9
69 21
69 37
69 40
69 80
69 83
69 84
69 101
69 113
69 132
69 149
70 9
70 13
70 27
70 31
70 34
70 41
70 44
70 56
70 63
70 65
70 77
71 9
71 27
71 41
71 44
71 50
71 62
71 63
71 65
71 77
71 78
71 80
72 15
72 30
72 48
72 50
72 62
72 75
72 91
72 93
72 103
72 105
72 110
72 114
73 17
73 20
73 24
73 28
73 29
73 34
73 47
73 60
73 68
73 92
74 4
74 7
74 10
74 11
74 12
74 36
74 49
74 67
74 68
74 122
75 2
75 39
75 62
75 72
75 91
75 93
75 103
75 104
75 105
75 110
75 114
76 8
76 25
76 46
76 48
76 56
76 58
76 60
76 82
76 92
76 119
76 120
77 13
77 27
77 41
77 44
77 63
77 65
77 67
77 70
77 71
77 100
78 9
78 13
78 25
78 27
78 32
78 41
78 44
78 63
78 65
78 71
78 87
78 95
79 18
79 51
79 52
79 57
79 60
79 64
79 100
79 106
79 108
79 113
80 21
80 32
80 37
80 40
80 60
80 69
80 71
80 84
80 113
80 132
81 4
81 36
81 46
81 48
81 56
81 85
81 92
81 102
81 108
81 119
81 120
82 14
82 46
82 48
82 52
82 56
82 57
82 58
82 76
82 92
82 102
82 120
83 27
83 69
83 87
83 88
83 89
83 95
83 97
83 100
83 101
83 108
84 21
84 28
84 29
84 37
84 40
84 54
84 67
84 69
84 80
84 113
84 132
85 2
85 23
85 46
85 56
85 58
85 81
85 92
85 102
85 106
85 119
85 120
86 48
86 87
86 88
86 90
86 91
86 95
86 97
86 99
86 100
86 101
87 29
87 40
87 78
87 83
87 86
87 88
87 89
87 99
87 100
87 108
88 41
88 83
88 86
88 87
88 89
88 90
88 97
88 99
88 108
88 114
89 60
89 63
89 83
89 87
89 88
89 90
89 95
89 101
89 108
90 34
90 86
90 88
90 89
90 95
90 97
90 99
90 100
90 101
91 5
91 38
91 56
91 62
91 72
91 75
91 86
91 93
91 103
91 105
91 110
91 114
92 21
92 56
92 68
92 73
92 76
92 81
92 82
92 85
92 102
92 119
92 120
93 5
93 41
93 62
93 63
93 72
93 75
93 91
93 94
93 103
93 105
93 110
93 114
94 3
94 18
94 25
94 27
94 30
94 31
94 33
94 39
94 52
94 62
94 93
94 104
95 13
95 78
95 83
95 86
95 89
95 90
95 99
95 100
95 101
95 108
96 11
96 43
96 56
96 98
96 103
96 106
96 109
96 122
96 133
96 153
97 17
97 24
97 32
97 34
97 41
97 42
97 60
97 83
97 86
97 88
97 90
98 8
98 96
98 101
98 106
98 109
98 119
98 122
98 133
98 153
99 16
99 44
99 51
99 86
99 87
99 88
99 90
99 95
99 100
99 101
99 108
100 9
100 77
100 79
100 83
100 86
100 87
100 90
100 95
100 99
100 101
100 108
101 13
101 69
101 83
101 86
101 89
101 90
101 95
101 98
101 99
101 100
102 29
102 43
102 48
102 58
102 81
102 82
102 85
102 92
102 119
102 120
103 7
103 53
103 62
103 72
103 75
103 91
103 93
103 96
103 105
103 110
103 114
104 3
104 18
104 30
104 31
104 33
104 39
104 52
104 75
104 94
104 105
104 110
105 22
105 61
105 62
105 72
105 75
105 91
105 93
105 103
105 104
105 110
105 114
106 35
106 45
106 79
106 85
106 96
106 98
106 109
106 122
106 133
106 153
108 65
108 79
108 81
108 83
108 87
108 88
108 89
108 95
108 99
108 100
108 122
109 10
109 12
109 33
109 96
109 98
109 106
109 122
109 133
109 153
110 31
110 61
110 62
110 72
110 75
110 91
110 93
110 103
110 104
110 105
110 114
110 119
113 20
113 21
113 37
113 40
113 69
113 79
113 80
113 84
113 132
114 10
114 51
114 54
114 62
114 72
114 75
114 88
114 91
114 93
114 103
114 105
114 110
119 46
119 49
119 56
119 58
119 76
119 81
119 85
119 92
119 98
119 102
119 110
119 120
119 132
120 4
120 48
120 76
120 81
120 82
120 85
120 92
120 102
120 119
120 133
122 2
122 23
122 74
122 96
122 98
122 106
122 108
122 109
122 133
122 153
132 9
132 17
132 21
132 23
132 37
132 40
132 69
132 80
132 84
132 113
132 119
133 35
133 49
133 96
133 98
133 106
133 109
133 120
133 122
133 153
149 69
152 16
152 153
153 26
153 43
153 96
153 98
153 106
153 109
153 122
153 133
153 152
