1 5
1 6
1 8
1 14
1 15
1 16
1 35
1 43
1 45
1 53
1 64
1 103
1 133
2 4
2 7
2 11
2 12
2 16
2 36
2 45
2 66
2 73
2 74
2 93
2 109
2 153
3 18
3 30
3 31
3 33
3 38
3 39
3 51
3 52
3 55
3 56
3 75
3 94
3 104
4 2
4 7
4 9
4 10
4 11
4 12
4 18
4 49
4 50
4 67
4 74
4 81
4 102
5 1
5 12
5 13
5 19
5 22
5 25
5 32
5 38
5 50
5 54
5 55
5 59
5 61
6 1
6 8
6 14
6 15
6 22
6 26
6 35
6 38
6 45
6 57
6 64
6 114
6 120
6 122
7 2
7 4
7 10
7 11
7 12
7 16
7 27
7 47
7 49
7 67
7 74
7 85
7 119
7 149
8 1
8 6
8 14
8 26
8 27
8 43
8 44
8 45
8 57
8 64
8 76
8 96
9 4
9 13
9 19
9 27
9 41
9 63
9 65
9 70
9 71
9 78
9 97
9 108
10 4
10 7
10 15
10 16
10 20
10 29
10 36
10 49
10 66
10 67
10 74
10 120
10 152
11 2
11 4
11 7
11 12
11 16
11 19
11 36
11 55
11 58
11 66
11 67
11 91
11 98
12 2
12 4
12 5
12 7
12 11
12 16
12 36
12 41
12 49
12 66
12 74
12 75
12 109
13 5
13 9
13 19
13 27
13 41
13 44
13 63
13 70
13 74
13 77
13 78
13 99
13 100
14 1
14 6
14 8
14 26
14 35
14 45
14 50
14 53
14 57
14 79
14 98
14 103
15 1
15 6
15 10
15 26
15 31
15 32
15 35
15 43
15 53
15 57
15 64
16 1
16 2
16 7
16 10
16 11
16 12
16 36
16 49
16 58
16 61
16 66
16 106
17 20
17 28
17 29
17 34
17 42
17 46
17 47
17 51
17 73
17 84
17 110
17 153
18 3
18 4
18 19
18 30
18 31
18 33
18 39
18 52
18 60
18 79
18 94
18 104
19 5
19 9
19 11
19 13
19 18
19 20
19 25
19 28
19 59
19 60
19 63
19 65
19 79
20 10
20 17
20 19
20 21
20 23
20 24
20 28
20 29
20 34
20 42
20 68
20 73
20 133
21 20
21 37
21 40
21 42
21 66
21 69
21 80
21 84
21 92
21 102
21 113
21 132
22 5
22 6
22 25
22 32
22 38
22 50
22 54
22 55
22 59
22 61
22 62
22 91
23 20
23 24
23 28
23 34
23 42
23 47
23 51
23 68
23 85
23 92
23 108
24 20
24 23
24 28
24 29
24 42
24 47
24 49
24 51
24 67
24 68
24 97
24 103
25 5
25 19
25 22
25 32
25 38
25 39
25 47
25 50
25 54
25 55
25 59
25 61
25 76
26 6
26 8
26 14
26 15
26 35
26 45
26 48
26 52
26 57
26 64
26 70
26 82
27 7
27 8
27 9
27 13
27 44
27 63
27 69
27 70
27 71
27 77
27 78
27 88
27 95
28 17
28 19
28 20
28 23
28 24
28 29
28 34
28 68
28 73
28 80
28 132
29 10
29 17
29 20
29 24
29 28
29 34
29 51
29 68
29 69
29 73
29 85
29 89
30 3
30 18
30 31
30 33
30 35
30 39
30 48
30 52
30 62
30 72
30 94
30 104
31 3
31 15
31 18
31 30
31 33
31 39
31 52
31 91
31 94
31 104
31 110
32 5
32 15
32 22
32 25
32 38
32 50
32 54
32 55
32 59
32 61
32 93
32 110
33 3
33 18
33 30
33 31
33 34
33 37
33 39
33 52
33 75
33 94
33 104
33 114
34 17
34 20
34 23
34 28
34 29
34 33
34 40
34 42
34 47
34 73
34 90
34 92
35 1
35 6
35 14
35 15
35 26
35 30
35 36
35 43
35 53
35 54
35 64
35 87
36 2
36 10
36 11
36 12
36 16
36 35
36 66
36 67
36 68
36 74
36 81
37 21
37 33
37 40
37 44
37 68
37 69
37 71
37 80
37 83
37 84
37 113
37 132
38 3
38 5
38 6
38 22
38 25
38 32
38 50
38 54
38 55
38 59
38 61
38 91
39 3
39 18
39 25
39 30
39 31
39 33
39 52
39 56
39 75
39 94
39 104
39 114
40 21
40 34
40 37
40 63
40 69
40 80
40 84
40 86
40 113
40 119
40 132
41 9
41 12
41 13
41 44
41 65
41 70
41 71
41 77
41 78
41 88
41 94
42 17
42 20
42 21
42 23
42 24
42 34
42 47
42 51
42 65
42 68
42 122
42 153
43 1
43 8
43 15
43 35
43 45
43 53
43 57
43 64
43 80
43 84
43 102
44 8
44 13
44 27
44 37
44 41
44 64
44 65
44 70
44 71
44 77
44 78
44 95
45 1
45 2
45 6
45 8
45 14
45 26
45 43
45 46
45 53
45 57
45 106
46 17
46 45
46 48
46 49
46 56
46 58
46 76
46 81
46 82
46 85
46 98
46 119
47 7
47 17
47 23
47 24
47 25
47 34
47 42
47 51
47 68
47 73
47 76
47 90
47 133
48 26
48 30
48 46
48 56
48 58
48 72
48 76
48 81
48 82
48 94
48 102
48 120
49 4
49 7
49 10
49 12
49 16
49 24
49 46
49 66
49 67
49 74
49 122
50 4
50 5
50 14
50 22
50 25
50 32
50 38
50 54
50 55
50 59
50 61
50 70
51 3
51 17
51 23
51 24
51 29
51 42
51 47
51 60
51 68
51 73
51 100
52 3
52 18
52 26
52 30
52 31
52 33
52 39
52 57
52 79
52 94
52 95
52 104
53 1
53 14
53 15
53 35
53 43
53 45
53 57
53 64
53 86
53 109
53 132
54 5
54 22
54 25
54 32
54 35
54 38
54 50
54 55
54 59
54 61
54 93
54 105
54 114
55 3
55 5
55 11
55 22
55 25
55 32
55 38
55 50
55 54
55 59
55 61
56 3
56 39
56 46
56 48
56 58
56 60
56 76
56 81
56 82
56 85
56 92
56 96
57 6
57 8
57 14
57 15
57 26
57 43
57 45
57 52
57 53
57 61
57 79
58 11
58 16
58 46
58 48
58 56
58 66
58 76
58 79
58 82
58 85
58 102
58 119
59 5
59 19
59 22
59 25
59 32
59 38
59 50
59 54
59 55
59 60
59 61
59 62
60 18
60 19
60 51
60 56
60 59
60 73
60 79
60 80
60 92
60 97
60 101
60 113
61 5
61 16
61 22
61 25
61 32
61 38
61 50
61 54
61 55
61 57
61 59
61 105
62 22
62 30
62 59
62 72
62 75
62 91
62 93
62 94
62 103
62 105
62 110
62 114
63 9
63 13
63 19
63 27
63 40
63 65
63 70
63 71
63 77
63 78
63 101
63 105
64 1
64 6
64 8
64 15
64 26
64 35
64 43
64 44
64 53
64 86
64 104
65 9
65 19
65 41
65 42
65 44
65 63
65 70
65 71
65 77
65 78
65 83
65 93
65 99
66 2
66 10
66 11
66 12
66 16
66 21
66 36
66 49
66 58
66 67
66 120
67 4
67 7
67 10
67 11
67 24
67 36
67 49
67 66
67 74
67 84
67 100
67 109
68 20
68 23
68 24
68 28
68 29
68 36
68 37
68 42
68 47
68 51
68 73
68 84
68 113
69 21
69 27
69 29
69 37
69 40
69 80
69 83
69 84
69 90
69 108
69 113
69 132
70 9
70 13
70 26
70 27
70 41
70 44
70 50
70 63
70 65
70 77
70 89
70 97
71 9
71 27
71 37
71 41
71 44
71 63
71 65
71 77
71 78
71 80
71 87
72 30
72 48
72 62
72 75
72 91
72 93
72 103
72 105
72 110
72 114
73 2
73 17
73 20
73 28
73 29
73 34
73 47
73 51
73 60
73 68
73 74
74 2
74 4
74 7
74 10
74 12
74 13
74 36
74 49
74 67
74 73
74 97
75 3
75 12
75 33
75 39
75 62
75 72
75 91
75 93
75 103
75 105
75 110
75 114
76 8
76 25
76 46
76 47
76 48
76 56
76 58
76 79
76 82
76 92
76 119
76 120
76 133
77 13
77 27
77 41
77 44
77 63
77 65
77 70
77 71
77 90
77 99
77 113
78 9
78 13
78 27
78 41
78 44
78 63
78 65
78 71
78 83
78 101
78 110
79 14
79 18
79 19
79 52
79 57
79 58
79 60
79 76
79 89
79 106
79 113
80 21
80 28
80 37
80 40
80 43
80 60
80 69
80 71
80 84
80 87
80 113
80 132
81 4
81 36
81 46
81 48
81 56
81 85
81 92
81 102
81 106
81 119
81 120
82 26
82 46
82 48
82 56
82 58
82 76
82 92
82 96
82 102
82 106
82 120
83 37
83 65
83 69
83 78
83 87
83 88
83 89
83 90
83 95
83 99
83 108
84 17
84 21
84 37
84 40
84 43
84 67
84 68
84 69
84 80
84 97
84 113
84 122
84 132
85 7
85 23
85 29
85 46
85 56
85 58
85 81
85 87
85 92
85 102
85 119
85 120
86 40
86 53
86 64
86 88
86 89
86 90
86 95
86 99
86 100
86 101
86 108
87 35
87 71
87 80
87 83
87 85
87 88
87 89
87 90
87 95
87 100
87 101
87 108
88 27
88 41
88 83
88 86
88 87
88 89
88 97
88 100
88 101
88 108
88 153
89 29
89 70
89 79
89 83
89 86
89 87
89 88
89 97
89 99
89 101
89 108
90 34
90 47
90 69
90 77
90 83
90 86
90 87
90 95
90 97
90 99
90 100
90 101
90 108
91 11
91 22
91 31
91 38
91 62
91 72
91 75
91 93
91 103
91 105
91 110
91 114
92 21
92 23
92 34
92 56
92 60
92 76
92 81
92 82
92 85
92 102
92 119
92 120
92 132
93 2
93 32
93 54
93 62
93 65
93 72
93 75
93 91
93 103
93 104
93 105
93 110
93 114
94 3
94 18
94 30
94 31
94 33
94 39
94 41
94 48
94 52
94 62
94 104
95 27
95 44
95 52
95 83
95 86
95 87
95 90
95 97
95 99
95 100
95 101
96 8
96 56
96 82
96 98
96 103
96 106
96 108
96 109
96 122
96 133
96 153
97 9
97 24
97 60
97 70
97 74
97 84
97 88
97 89
97 90
97 95
97 100
98 11
98 14
98 46
98 96
98 101
98 106
98 109
98 122
98 133
98 153
99 13
99 65
99 77
99 83
99 86
99 89
99 90
99 95
99 100
99 101
100 13
100 51
100 67
100 86
100 87
100 88
100 90
100 95
100 97
100 99
100 101
100 108
100 122
101 60
101 63
101 78
101 86
101 87
101 88
101 89
101 90
101 95
101 98
101 99
101 100
102 4
102 21
102 43
102 48
102 58
102 81
102 82
102 85
102 92
102 119
102 120
103 1
103 14
103 24
103 62
103 72
103 75
103 91
103 93
103 96
103 105
103 110
103 114
104 3
104 18
104 30
104 31
104 33
104 39
104 52
104 64
104 93
104 94
104 110
105 54
105 61
105 62
105 63
105 72
105 75
105 91
105 93
105 103
105 110
105 114
106 16
106 45
106 79
106 81
106 82
106 96
106 98
106 109
106 122
106 133
106 153
108 9
108 23
108 69
108 83
108 86
108 87
108 88
108 89
108 90
108 96
108 100
109 2
109 12
109 53
109 67
109 96
109 98
109 106
109 122
109 133
109 153
110 17
110 31
110 32
110 62
110 72
110 75
110 78
110 91
110 93
110 103
110 104
110 105
110 114
113 21
113 37
113 40
113 60
113 68
113 69
113 77
113 79
113 80
113 84
113 132
114 6
114 33
114 39
114 54
114 62
114 72
114 75
114 91
114 93
114 103
114 105
114 110
119 7
119 40
119 46
119 58
119 76
119 81
119 85
119 92
119 102
119 120
119 132
120 6
120 10
120 48
120 66
120 76
120 81
120 82
120 85
120 92
120 102
120 119
120 133
122 6
122 42
122 49
122 84
122 96
122 98
122 100
122 106
122 109
122 133
122 153
132 21
132 28
132 37
132 40
132 53
132 69
132 80
132 84
132 92
132 113
132 119
132 153
133 1
133 20
133 47
133 76
133 96
133 98
133 106
133 109
133 120
133 122
133 153
149 7
152 10
153 2
153 17
153 42
153 88
153 96
153 98
153 106
153 109
153 122
153 132
153 133
